[gd_scene load_steps=10 format=2]

[ext_resource path="res://image/standalone/house_palette.png" type="Texture" id=1]
[ext_resource path="res://mesh/tree_1.tscn" type="PackedScene" id=2]
[ext_resource path="res://mesh/house.tscn" type="PackedScene" id=3]
[ext_resource path="res://mesh/tree_2.tscn" type="PackedScene" id=4]

[sub_resource type="GDScript" id=1]
script/source = "extends Spatial

func _process(delta: float) -> void:
#	$ground.rotate_y(-PI * 0.3 * delta)
	$cube.rotate_y(PI * 0.4 * delta)
	pass
"

[sub_resource type="SpatialMaterial" id=2]
albedo_texture = ExtResource( 1 )

[sub_resource type="CubeMesh" id=3]
material = SubResource( 2 )

[sub_resource type="QuadMesh" id=4]
size = Vector2( 60, 60 )

[sub_resource type="SpatialMaterial" id=5]
albedo_color = Color( 0.133333, 0.317647, 0.192157, 1 )

[node name="spatial" type="Spatial"]
script = SubResource( 1 )

[node name="camera" type="Camera" parent="."]
transform = Transform( 1, 0, 0, 0, 0.923866, 0.382716, 0, -0.382716, 0.923866, 1.27755, 5.31346, 6.29972 )
size = 2.0

[node name="sun" type="DirectionalLight" parent="."]
transform = Transform( 0.830975, 1.77636e-15, -0.55631, 0.454793, 0.575904, 0.679336, 0.320381, -0.817517, 0.478562, -3.29193, 4.45464, 4.43833 )
light_color = Color( 0.94902, 0.92549, 0.796078, 1 )
light_energy = 0.6

[node name="cube" type="MeshInstance" parent="."]
transform = Transform( 0.353554, -0.353553, 0, 0.25, 0.25, -0.353554, 0.25, 0.25, 0.353554, 1.00098, 3.86127, -4.72529 )
mesh = SubResource( 3 )
material/0 = null

[node name="ground" type="MeshInstance" parent="."]
transform = Transform( 1, 0, 0, 0, -4.37114e-08, 1, 0, -1, -4.37114e-08, 0, 0, 0 )
cast_shadow = 0
mesh = SubResource( 4 )
material/0 = SubResource( 5 )

[node name="house" parent="." instance=ExtResource( 3 )]
transform = Transform( -0.571258, 0, 0.820771, 0, 1, 0, -0.820771, 0, -0.571258, -2.66576, 0.00432737, -2.22316 )

[node name="house2" parent="." instance=ExtResource( 3 )]
transform = Transform( -0.571258, 0, 0.820771, 0, 1, 0, -0.820771, 0, -0.571258, 1.04158, 0.00432737, -4.68456 )

[node name="house3" parent="." instance=ExtResource( 3 )]
transform = Transform( -0.571258, 0, 0.820771, 0, 1, 0, -0.820771, 0, -0.571258, 4.82801, 0.00432737, -7.24089 )

[node name="tree_1" parent="." instance=ExtResource( 2 )]
transform = Transform( 1, 0, 0, 0, 1, 0, 0, 0, 1, 0.939559, 0, -0.915513 )

[node name="tree_2" parent="." instance=ExtResource( 2 )]
transform = Transform( 1, 0, 0, 0, 1, 0, 0, 0, 1, 4.62881, 0, -3.53683 )

[node name="tree_3" parent="." instance=ExtResource( 4 )]
transform = Transform( -0.105848, 0, -0.994382, 0, 1, 0, 0.994382, 0, -0.105848, 1.35363, 0, -8.97365 )

[node name="tree_4" parent="." instance=ExtResource( 4 )]
transform = Transform( 0.799737, 0, 0.60035, 0, 1, 0, -0.60035, 0, 0.799737, -2.75633, 0, -6.12579 )
