[gd_scene load_steps=11 format=2]

[ext_resource path="res://mesh/m.tres" type="Material" id=1]
[ext_resource path="res://mesh/tree_1.tscn" type="PackedScene" id=2]
[ext_resource path="res://mesh/house.tscn" type="PackedScene" id=3]
[ext_resource path="res://mesh/tree_2.tscn" type="PackedScene" id=4]
[ext_resource path="res://mesh/road.tscn" type="PackedScene" id=5]
[ext_resource path="res://mesh/ground.tscn" type="PackedScene" id=6]

[sub_resource type="GDScript" id=1]
script/source = "extends Spatial

func _process(delta: float) -> void:
#	$ground.rotate_y(-PI * 0.3 * delta)
	$cube.rotate_y(PI * 0.4 * delta)
	pass
"

[sub_resource type="QuadMesh" id=2]
size = Vector2( 60, 20 )

[sub_resource type="SpatialMaterial" id=3]
albedo_color = Color( 0.3652, 0.706053, 0.83, 1 )

[sub_resource type="CubeMesh" id=6]
material = ExtResource( 1 )

[node name="spatial" type="Spatial"]
script = SubResource( 1 )

[node name="sky" type="MeshInstance" parent="."]
transform = Transform( 1, 0, 0, 0, 1, 0, 0, 0, 1, 1.21218, 7.24353, -32.528 )
mesh = SubResource( 2 )
material/0 = SubResource( 3 )

[node name="ground3" parent="." instance=ExtResource( 6 )]
transform = Transform( 22.272, 0, 0.00701072, 0, 1, 0, -0.0247635, 0, 6.30536, 2.71135, 0, -13.1832 )

[node name="ground2" parent="." instance=ExtResource( 6 )]
transform = Transform( 14.1785, 0, 3.57744, 0, 1, 0, -9.83232, 0, 5.15878, 9.11339, 0, 5.72153 )

[node name="ground4" parent="." instance=ExtResource( 6 )]
transform = Transform( 10.7671, 0, 3.57744, 0, 1, 0, -7.46659, 0, 5.15878, 0.368513, 0, -5.68483 )

[node name="sun" type="DirectionalLight" parent="."]
transform = Transform( 0.830975, 1.77636e-15, -0.55631, 0.454793, 0.575904, 0.679336, 0.320381, -0.817517, 0.478562, -3.29193, 4.45464, 4.43833 )
light_energy = 0.8
shadow_color = Color( 0.478431, 0.478431, 0.478431, 1 )
directional_shadow_mode = 0
directional_shadow_depth_range = 1
directional_shadow_max_distance = 20.0

[node name="camera" type="Camera" parent="."]
transform = Transform( 1, 0, 0, 0, 0.923866, 0.382716, 0, -0.382716, 0.923866, 1.27755, 5.31346, 6.29972 )
size = 2.0

[node name="cube" type="MeshInstance" parent="."]
transform = Transform( 0.353554, -0.353553, 0, 0.25, 0.25, -0.353554, 0.25, 0.25, 0.353554, 1.15197, 3.25732, -4.68754 )
mesh = SubResource( 6 )
material/0 = null

[node name="house" parent="." instance=ExtResource( 3 )]
transform = Transform( -0.571258, 0, 0.820771, 0, 1, 0, -0.820771, 0, -0.571258, -2.66576, 0.00432737, -2.22316 )

[node name="house2" parent="." instance=ExtResource( 3 )]
transform = Transform( -0.571258, 0, 0.820771, 0, 1, 0, -0.820771, 0, -0.571258, 1.04158, 0.00432737, -4.68456 )

[node name="house3" parent="." instance=ExtResource( 3 )]
transform = Transform( -0.571258, 0, 0.820771, 0, 1, 0, -0.820771, 0, -0.571258, 4.82801, 0.00432737, -7.24089 )

[node name="house4" parent="." instance=ExtResource( 3 )]
transform = Transform( -0.571258, 0, 0.820771, 0, 1, 0, -0.820771, 0, -0.571258, 8.82919, 0.00432737, -9.57453 )

[node name="tree_1" parent="." instance=ExtResource( 2 )]
transform = Transform( 0.268673, 0, -0.138774, 0, 0.302396, 0, 0.138774, 0, 0.268673, 0.655419, 0, -1.33656 )

[node name="tree_3" parent="." instance=ExtResource( 2 )]
transform = Transform( 0.299468, 0, 0.0419809, 0, 0.302396, 0, -0.0419809, 0, 0.299468, 4.41012, 0, -3.81237 )

[node name="tree_2" parent="." instance=ExtResource( 4 )]
transform = Transform( 0.353459, 0, 0.216201, 0, 0.414338, 0, -0.216201, 0, 0.353459, 0.89046, 0, -8.6264 )

[node name="tree_6" parent="." instance=ExtResource( 2 )]
transform = Transform( -0.0834177, 0, -0.290663, 0, 0.302396, 0, 0.290663, 0, -0.0834177, 8.18933, 0, -6.42346 )

[node name="tree_5" parent="." instance=ExtResource( 4 )]
transform = Transform( 0.304174, 0, -0.281344, 0, 0.414338, 0, 0.281344, 0, 0.304174, 5.26911, 0, -11.111 )

[node name="tree_4" parent="." instance=ExtResource( 4 )]
transform = Transform( 0.172211, 0, 0.376855, 0, 0.414338, 0, -0.376855, 0, 0.172211, -2.77099, 0, -6.28609 )

[node name="road" parent="." instance=ExtResource( 5 )]
transform = Transform( 0.825724, 0, 0.564074, 0, 1, 0, -0.564074, 0, 0.825724, -0.054317, -0.0900879, 3.27846 )

[node name="road2" parent="." instance=ExtResource( 5 )]
transform = Transform( 0.825724, 0, 0.564074, 0, 1, 0, -0.564074, 0, 0.825724, 3.17327, -0.0900879, 1.07044 )

[node name="road3" parent="." instance=ExtResource( 5 )]
transform = Transform( 0.825724, 0, 0.564074, 0, 1, 0, -0.564074, 0, 0.825724, 6.4642, -0.0900879, -1.17871 )

[node name="road4" parent="." instance=ExtResource( 5 )]
transform = Transform( 0.825724, 0, 0.564074, 0, 1, 0, -0.564074, 0, 0.825724, 9.75775, -0.09, -3.42794 )
