[gd_scene load_steps=9 format=2]

[ext_resource path="res://mesh/sphere.tscn" type="PackedScene" id=1]
[ext_resource path="res://image/standalone/aa.png" type="Texture" id=2]

[sub_resource type="Environment" id=1]
background_mode = 1
background_color = Color( 0.984314, 0.643137, 0.564706, 1 )

[sub_resource type="PlaneMesh" id=2]

[sub_resource type="SpatialMaterial" id=3]
flags_transparent = true
albedo_texture = ExtResource( 2 )

[sub_resource type="CubeMesh" id=4]
size = Vector3( 8, 2, 8 )

[sub_resource type="SpatialMaterial" id=5]

[sub_resource type="SpatialMaterial" id=6]
flags_transparent = true
albedo_color = Color( 1, 1, 1, 0.482353 )
metallic = 0.5
metallic_specular = 1.0
roughness = 0.0

[node name="transparent" type="Spatial"]

[node name="world_environment" type="WorldEnvironment" parent="."]
environment = SubResource( 1 )

[node name="omni_light" type="OmniLight" parent="."]
transform = Transform( 1, 0, 0, 0, 1, 0, 0, 0, 1, 0, 2, 0 )
omni_range = 4.70282

[node name="camera" type="Camera" parent="."]
transform = Transform( 0.916363, -0.211882, 0.339684, 0, 0.84847, 0.529244, -0.400349, -0.484979, 0.777506, 2.26847, 3.39202, 5.07463 )

[node name="transparent" type="MeshInstance" parent="."]
transform = Transform( -3.78552e-08, 0.866025, 0.5, -2.18557e-08, 0.5, -0.866025, -1, -4.37114e-08, 1.91069e-15, -2, 1, 0 )
mesh = SubResource( 2 )
material/0 = SubResource( 3 )

[node name="transparent3" type="MeshInstance" parent="."]
transform = Transform( 1.25278e-07, -0.866025, -0.5, -2.18557e-08, 0.5, -0.866025, 1, 1.19422e-07, 4.37114e-08, 2, 1, 0 )
mesh = SubResource( 2 )
material/0 = SubResource( 3 )

[node name="transparent2" type="MeshInstance" parent="."]
transform = Transform( 1, 0, 0, 0, 0.5, -0.866025, 0, 0.866025, 0.5, 0, 1, -2 )
mesh = SubResource( 2 )
material/0 = SubResource( 3 )

[node name="mesh_instance" type="MeshInstance" parent="."]
transform = Transform( 1, 0, 0, 0, 1, 0, 0, 0, 1, 0, -1, 0 )
mesh = SubResource( 4 )
material/0 = SubResource( 5 )

[node name="Sphere" parent="." instance=ExtResource( 1 )]
transform = Transform( 1, 0, 0, 0, 1, 0, 0, 0, 1, 0, 1.92053, 0 )
material/0 = SubResource( 6 )
